3,2
3,1
3,3
10,11
10,65
10,251
10,139
10,309
10,141
10,267
10,79
10,2
10,3
11,7
11,27
11,21
11,22
11,8
9,5
9,7
9,2
9,3
8,17
8,12
8,6
8,9
8,13
8,2
8,3
0,318
19,2
19,1
19,3
18,1
18,3
70,5
70,3
70,1
69,4
69,3
69,1
68,76
68,75
68,74
68,73
68,72
68,71
68,70
68,69
68,68
68,67
68,66
68,65
68,64
68,37
68,36
68,35
68,34
68,33
68,32
68,31
68,30
68,29
68,28
68,27
68,26
68,25
68,24
68,23
68,22
68,21
68,20
68,19
68,18
68,17
68,16
68,15
68,14
68,13
68,12
68,11
68,10
68,9
68,8
68,7
68,6
68,5
68,4
68,3
68,1
67,3
67,1
66,7
66,5
66,4
66,3
66,1
65,4
65,3
65,1
64,3
64,1
63,5
63,4
63,3
63,1
62,3
62,1
60,4
60,3
60,1
59,3
59,1
20,3
20,2
